v1
0.8645426016972856
0.5361909157275062
0.20783922975772717
1.0
0.5361909157275062
0.07238183145501279
1.0638202976115294
-1.6329907391512004
0.6267761174619634
1.0
-1.6329907391512004
0.690596415073493
1.0696539772884133
1.238799494912674
0.4487712028692389
1.0
1.2796324249978088
0.47759225007251715
0.7673269879789604
-1
0
1.0
-0.7673269879789604
0
0.7673269879789604
-1
0
1.0
-0.7673269879789604
0
0.7673269879789604
-1
0
1.0
-0.7673269879789604
0
0.8948733894398211
-1.8890321271622017
1.0
1.0
-1.8890321271622017
0.8948733894398211
0.9908443838610119
-1.9083497467052897
0.9201242789818022
1.0
-1.9083497467052897
0.9109686628428142
